linear: 	 0 	 0.34 (0.02) 	 0.00 (0.00) 	 0 	 nan (nan) 	 nan (nan) 
cart: 	 3 	 6.71 (0.65) 	 2.40 (0.24) 	 0 	 nan (nan) 	 nan (nan) 
cart: 	 5 	 20.28 (2.88) 	 5.00 (0.68) 	 1 	 0.000 (nan) 	 0.00 (nan) 
cart: 	 10 	 178.35 (34.48) 	 9.11 (1.30) 	 1 	 0.045 (nan) 	 21.00 (nan) 
rf: 	 5 	 117.95 (28.96) 	 9.63 (1.82) 	 1 	 0.049 (nan) 	 34.00 (nan) 
rf: 	 10 	 200.39 (69.46) 	 12.92 (2.93) 	 7 	 0.043 (0.003) 	 29.29 (5.04) 
rf: 	 20 	 149.39 (46.57) 	 12.75 (2.78) 	 12 	 0.042 (0.002) 	 33.42 (4.34) 
rf: 	 50 	 560.78 (nan) 	 6.00 (nan) 	 19 	 0.031 (0.003) 	 12.21 (0.99) 
rf: 	 100 	 868.10 (nan) 	 4.00 (nan) 	 19 	 0.024 (0.004) 	 7.89 (0.72) 
gbm: 	 5 	 8.89 (1.29) 	 3.68 (0.53) 	 1 	 0.000 (nan) 	 0.00 (nan) 
gbm: 	 10 	 46.46 (14.33) 	 12.00 (3.12) 	 0 	 nan (nan) 	 nan (nan) 
gbm: 	 20 	 153.43 (43.11) 	 18.76 (3.73) 	 3 	 0.036 (0.009) 	 75.33 (8.41) 
gbm: 	 50 	 243.24 (80.72) 	 24.50 (6.31) 	 14 	 0.029 (0.003) 	 53.07 (5.33) 
gbm: 	 100 	 nan (nan) 	 nan (nan) 	 20 	 0.020 (0.003) 	 23.90 (2.03) 
mlp: 	 (10,) 	 4.13 (0.13) 	 1.00 (0.00) 	 0 	 nan (nan) 	 nan (nan) 
mlp: 	 (10, 10, 10) 	 8.02 (0.86) 	 1.31 (0.18) 	 4 	 0.024 (0.014) 	 0.75 (0.48) 
mlp: 	 (50,) 	 11.27 (1.10) 	 1.50 (0.15) 	 0 	 nan (nan) 	 nan (nan) 
mlp: 	 (100,) 	 26.82 (3.39) 	 1.30 (0.13) 	 0 	 nan (nan) 	 nan (nan) 
