linear: 	 0 	 0.26 (0.01) 	 0.00 (0.00) 	 0 	 nan (nan) 	 nan (nan) 
cart: 	 3 	 4.40 (1.35) 	 2.60 (0.90) 	 0 	 nan (nan) 	 nan (nan) 
cart: 	 5 	 5.91 (1.09) 	 2.26 (0.40) 	 1 	 0.000 (nan) 	 4.00 (nan) 
cart: 	 10 	 20.91 (10.20) 	 5.05 (1.51) 	 0 	 nan (nan) 	 nan (nan) 
rf: 	 5 	 28.79 (2.76) 	 6.35 (0.51) 	 0 	 nan (nan) 	 nan (nan) 
rf: 	 10 	 232.63 (36.46) 	 10.79 (1.36) 	 1 	 0.042 (nan) 	 40.00 (nan) 
rf: 	 20 	 450.46 (68.06) 	 8.50 (1.06) 	 10 	 0.027 (0.005) 	 16.00 (0.73) 
rf: 	 50 	 510.69 (341.34) 	 7.50 (3.50) 	 18 	 0.021 (0.004) 	 13.94 (1.04) 
rf: 	 100 	 495.03 (268.88) 	 9.00 (2.08) 	 17 	 0.014 (0.004) 	 16.53 (0.93) 
gbm: 	 5 	 11.38 (1.83) 	 5.74 (0.68) 	 1 	 0.029 (nan) 	 4.00 (nan) 
gbm: 	 10 	 72.15 (15.31) 	 15.19 (2.62) 	 4 	 0.005 (0.005) 	 23.00 (3.24) 
gbm: 	 20 	 156.17 (19.16) 	 16.42 (1.71) 	 8 	 0.005 (0.003) 	 31.62 (5.35) 
gbm: 	 50 	 894.23 (100.35) 	 32.50 (6.50) 	 18 	 0.013 (0.004) 	 18.89 (1.17) 
gbm: 	 100 	 nan (nan) 	 nan (nan) 	 20 	 0.010 (0.002) 	 17.25 (1.46) 
mlp: 	 (10,) 	 36.34 (5.22) 	 1.68 (0.19) 	 1 	 0.000 (nan) 	 12.00 (nan) 
mlp: 	 (10, 10, 10) 	 328.70 (72.59) 	 2.38 (0.35) 	 4 	 0.012 (0.007) 	 1.50 (0.65) 
mlp: 	 (50,) 	 57.07 (7.28) 	 1.22 (0.10) 	 2 	 0.000 (0.000) 	 17.50 (12.50) 
mlp: 	 (100,) 	 111.85 (26.18) 	 1.44 (0.24) 	 11 	 0.001 (0.001) 	 1.09 (0.41) 
