linear: 	 0 	 0.26 (0.01) 	 0.00 (0.00) 	 0 	 nan (nan) 	 nan (nan) 
cart: 	 3 	 5.54 (0.38) 	 1.20 (0.09) 	 0 	 nan (nan) 	 nan (nan) 
cart: 	 5 	 10.17 (0.78) 	 1.56 (0.16) 	 4 	 0.000 (0.000) 	 0.25 (0.25) 
cart: 	 10 	 21.75 (2.58) 	 2.06 (0.26) 	 2 	 0.000 (0.000) 	 2.00 (1.00) 
rf: 	 5 	 69.94 (10.77) 	 4.41 (0.54) 	 3 	 0.006 (0.003) 	 4.67 (0.33) 
rf: 	 10 	 237.03 (41.12) 	 5.50 (0.70) 	 4 	 0.003 (0.003) 	 10.50 (1.85) 
rf: 	 20 	 370.21 (41.84) 	 7.33 (0.73) 	 5 	 0.004 (0.002) 	 10.80 (1.98) 
rf: 	 50 	 570.88 (111.94) 	 9.70 (1.61) 	 10 	 0.001 (0.001) 	 11.60 (1.10) 
rf: 	 100 	 531.13 (121.00) 	 6.17 (0.98) 	 14 	 0.001 (0.001) 	 12.79 (0.43) 
gbm: 	 5 	 11.47 (1.48) 	 4.42 (0.66) 	 8 	 0.002 (0.001) 	 4.62 (1.99) 
gbm: 	 10 	 42.68 (6.67) 	 6.88 (0.86) 	 3 	 0.001 (0.001) 	 1.67 (0.67) 
gbm: 	 20 	 58.16 (7.01) 	 9.62 (1.00) 	 4 	 0.004 (0.002) 	 24.75 (9.71) 
gbm: 	 50 	 192.70 (42.52) 	 14.77 (2.47) 	 7 	 0.006 (0.001) 	 31.14 (4.21) 
gbm: 	 100 	 415.96 (80.09) 	 17.29 (3.36) 	 13 	 0.003 (0.001) 	 25.08 (1.20) 
mlp: 	 (10,) 	 4.73 (0.57) 	 1.27 (0.19) 	 9 	 0.004 (0.001) 	 1.00 (0.41) 
mlp: 	 (10, 10, 10) 	 282.24 (193.65) 	 1.50 (0.50) 	 18 	 0.003 (0.001) 	 0.61 (0.20) 
mlp: 	 (50,) 	 48.13 (12.76) 	 2.40 (0.51) 	 15 	 0.008 (0.001) 	 1.07 (0.15) 
mlp: 	 (100,) 	 352.64 (153.96) 	 1.09 (0.09) 	 9 	 0.000 (0.000) 	 0.44 (0.18) 
