linear: 	 0 	 0.15 (0.00) 	 0.00 (0.00) 	 0 	 nan (nan) 	 nan (nan) 
cart: 	 3 	 1.72 (0.17) 	 2.25 (0.19) 	 0 	 nan (nan) 	 nan (nan) 
cart: 	 5 	 2.69 (0.52) 	 3.95 (0.74) 	 1 	 0.026 (nan) 	 1.00 (nan) 
cart: 	 10 	 4.44 (0.80) 	 4.95 (0.93) 	 0 	 nan (nan) 	 nan (nan) 
rf: 	 5 	 4.49 (0.64) 	 4.40 (0.64) 	 0 	 nan (nan) 	 nan (nan) 
rf: 	 10 	 12.39 (2.57) 	 6.82 (1.14) 	 3 	 0.048 (0.000) 	 13.33 (1.20) 
rf: 	 20 	 51.29 (18.03) 	 10.17 (2.32) 	 8 	 0.049 (0.000) 	 7.38 (1.93) 
rf: 	 50 	 93.18 (51.21) 	 7.78 (2.17) 	 11 	 0.048 (0.001) 	 16.36 (3.55) 
rf: 	 100 	 108.47 (29.76) 	 5.25 (0.80) 	 8 	 0.047 (0.001) 	 14.00 (2.96) 
gbm: 	 5 	 2.67 (0.33) 	 3.55 (0.47) 	 0 	 nan (nan) 	 nan (nan) 
gbm: 	 10 	 5.77 (0.45) 	 5.55 (0.44) 	 0 	 nan (nan) 	 nan (nan) 
gbm: 	 20 	 23.89 (3.55) 	 10.41 (1.00) 	 3 	 0.046 (0.001) 	 61.67 (18.67) 
gbm: 	 50 	 123.75 (51.10) 	 18.14 (4.47) 	 6 	 0.044 (0.004) 	 41.00 (6.84) 
gbm: 	 100 	 389.06 (124.83) 	 20.25 (3.32) 	 12 	 0.044 (0.001) 	 26.75 (2.70) 
mlp: 	 (10,) 	 0.91 (0.00) 	 1.00 (0.00) 	 0 	 nan (nan) 	 nan (nan) 
mlp: 	 (10, 10, 10) 	 1.45 (0.03) 	 1.00 (0.00) 	 0 	 nan (nan) 	 nan (nan) 
mlp: 	 (50,) 	 1.36 (0.03) 	 1.00 (0.00) 	 0 	 nan (nan) 	 nan (nan) 
mlp: 	 (100,) 	 2.26 (0.04) 	 1.00 (0.00) 	 0 	 nan (nan) 	 nan (nan) 
